-7.37135538043494e-18
0.00518135250728207
0.00944128440689237
0.00765827667263328
-7.64609879104238e-18
-0.00623131293000312
-0.00409594745892862
0.00268128631910686
-2.58321917530922e-17
-0.0211053649839184
-0.0476212654588197
-0.0478927905012957
-9.57756567114307e-17
0.0782474342784846
0.130841806314935
0.104878628018674
-2.70076406996150e-17
-0.120474883227454
0.816982992084824
-0.120474883227454
-2.70076406996150e-17
0.104878628018674
0.130841806314935
0.0782474342784846
-9.57756567114307e-17
-0.0478927905012957
-0.0476212654588197
-0.0211053649839184
-2.58321917530922e-17
0.00268128631910686
-0.00409594745892862
-0.00623131293000312
-7.64609879104238e-18
0.00765827667263328
0.00944128440689237
0.00518135250728207
-7.37135538043494e-18